1 1000 1 1 1 1 1 1000 1 1 1 1 1 1 1 1 1000 1 1 1
1 1 1000 1 1 1 1 1000 1 1 1 1 1000 1000 1000 1000 1 1 1 1
1 1 1 1000 1 1 1 1000 1 1 1 1000 1 1 1 1 1 1000 1000 1
1 1 1 1 1000 1 1 1000 1 1 1000 1 1 1 1000 1 1 1000 1000 1
1 1 1 1 1 1000 1 1000 1 1000 1 1 1 1 1000 1000 1000 1000 1 1
1 1 1 1 1 1 1000 1000 1000 1 1 1 1 1 1000 1 1000 1 1 1
1 1 1 1 1 1 1 1000 1 1 1 1 1 1 1000 1 1000 1 1 1
1 1 1 1 1 1 1 1 1 1 1 1 1 1 1000 1 1000 1 1 1
1 1000 1000 1000 1000 1000 1000 1000 1000 1000 1000 1000 1000 1000 1000 1 1000 1 1 1
1 1 1000 1000 1000 1 1 1 1 1000 1 1 1 1 1 1 1000 1 1 1
1000 1 1 1 1 1 1 1000 1 1000 1 1 1 1 1 1 1000 1 1 1
1 1000 1 1 1 1 1000 1 1 1000 1 1000 1000 1000 1000 1000 1000 1 1 1
1 1 1000 1 1 1000 1 1 1 1000 1 1000 1 1 1 1 1000 1 1 1
1 1 1 1000 1000 1 1 1 1 1000 1 1000 1 1 1000 1 1000 1 1 1
1 1 1 1 1000 1 1 1 1000 1 1 1000 1 1000 1 1 1000 1000 1 1
1 1 1 1 1 1000 1 1 1000 1000 1000 1000 1 1000 1 1000 1 1 1000 1
1 1 1 1 1 1 1000 1 1 1 1 1 1 1000 1 1 1000 1 1000 1000
1 1 1 1000 1000 1000 1000 1000 1000 1000 1000 1000 1 1000 1000 1 1000 1 1 1
1 1 1 1000 1 1 1 1000 1 1 1 1000 1 1 1000 1 1 1000 1000 1
1 1 1 1000 1 1000 1 1000 1 1000 1 1000 1 1000 1000 1000 1 1 1 1
1 1 1 1000 1 1000 1 1 1 1000 1 1 1 1000 1 1 1000 1 1 1
21 20 3 16 15 16